Time: 0.6515381336212158
SPARSE_COEFFS:   (0, 0)	-0.0005835842521563915
  (0, 1)	-0.01039082078697205
  (0, 2)	0.00137175301114166
  (0, 3)	0.005205780927053912
  (0, 4)	-0.005229500315271071
  (0, 5)	-0.0024587264984678612
  (0, 6)	-0.0002525300524940008
  (0, 7)	0.004263453671242509
  (0, 8)	-0.0067284904724417335
  (0, 9)	-0.001960401277299068
  (0, 10)	0.0046847927519571226
  (0, 11)	-0.002568029787344333
  (0, 12)	0.002109899563870304
  (0, 13)	0.002295909596755517
  (0, 14)	0.000816288091711841
  (0, 15)	0.0020486448618019406
  (0, 16)	-0.0007480334881951877
  (0, 17)	0.0006338471330182332
  (0, 18)	0.0035586637690389893
  (0, 19)	-0.0010703025335710348
  (0, 20)	0.004874978835482003
  (0, 21)	-0.0006528138187382918
  (0, 22)	-0.0014851605967291278
  (0, 23)	0.0011960258702224667
  (0, 24)	0.0027825563274866557
  :	:
  (0, 125)	-0.0009638665606497864
  (0, 126)	0.2461320109203958
  (0, 127)	0.00709283469189929
  (0, 128)	0.0017245933445619967
  (0, 129)	0.0008702433973614562
  (0, 130)	0.037088449587802164
  (0, 131)	0.0005623690329777997
  (0, 132)	0.0012913129574085027
  (0, 133)	0.002708975231939199
  (0, 134)	-0.0008470007274208006
  (0, 135)	0.0022884758530545457
  (0, 136)	0.007204111416588527
  (0, 137)	0.002748724490383536
  (0, 138)	-0.0023555809102428246
  (0, 139)	0.004415910347447757
  (0, 140)	-0.004371571292070783
  (0, 141)	-0.0026674884333712707
  (0, 142)	0.002759969424255147
  (0, 143)	-0.0011344801217873705
  (0, 144)	0.000981955907380637
  (0, 145)	0.0013744133068518407
  (0, 146)	0.008331194582629074
  (0, 147)	-0.0023012972397503926
  (0, 148)	0.01925746691257613
  (0, 149)	0.00705771033639873
IDKMAYBEDENSECOEFFS: [-5.83584252e-04 -1.03908208e-02  1.37175301e-03  5.20578093e-03
 -5.22950032e-03 -2.45872650e-03 -2.52530052e-04  4.26345367e-03
 -6.72849047e-03 -1.96040128e-03  4.68479275e-03 -2.56802979e-03
  2.10989956e-03  2.29590960e-03  8.16288092e-04  2.04864486e-03
 -7.48033488e-04  6.33847133e-04  3.55866377e-03 -1.07030253e-03
  4.87497884e-03 -6.52813819e-04 -1.48516060e-03  1.19602587e-03
  2.78255633e-03 -3.42407217e-03  5.28680042e-03  8.44260914e-04
  1.94581396e-03 -1.60391697e-03  3.68456830e-04 -4.70612206e-04
 -3.49382100e-03 -5.96353572e-03  2.16179360e-03 -2.85729223e-03
  1.55535342e-03 -5.42147985e-03 -2.27716850e-04 -9.31689351e-03
 -5.32514628e-04  3.00422470e-03 -2.80428176e-03  2.60016843e-03
 -2.79844343e-03 -1.07822382e-04 -1.53083311e-03  2.65497634e-03
 -5.37491682e-03 -2.21430978e-03  2.17856940e-03 -1.36265746e-02
 -2.98156605e-04 -1.36680967e-02 -4.84477175e-03  1.42620435e-03
 -2.85804692e-03 -5.63595619e-03  4.73085370e-03 -1.26785884e-03
  4.76761302e-03  7.12654000e-03 -2.34760024e-03 -1.05111073e-03
  5.64768199e-03 -1.45328102e-03  1.01584097e-05  6.28528621e-04
 -3.54268297e-03 -1.69972626e-03  1.22678072e-03  6.58873971e-03
 -2.23808098e-03  1.67058004e-02 -2.21451347e-04 -2.80355093e-03
  5.40286010e-04  1.90074126e-03 -2.44451692e-03 -3.67868584e-03
  6.14096597e-04 -5.03274301e-03  9.69466798e-04  4.99372791e-03
 -1.92381535e-03  2.94203564e-02  1.14440089e-03 -5.51904861e-03
 -2.29778569e-04 -8.86037512e-03  1.85595712e-04  2.25240388e-03
 -3.17362522e-03  1.91359647e-03  5.38596813e-03  2.85558439e-01
 -1.19696512e-03  2.05653353e-04 -9.89464411e-04  4.46769138e-03
 -4.26975359e-03  2.60874883e-03  1.72113667e-03 -2.28092322e-03
  2.71753675e-03  1.41940701e-03  3.08659111e-03 -4.76841698e-03
  1.96219032e-03 -8.35342731e-04 -1.96920942e-03  2.40013305e-03
  3.61406171e-03  3.29129817e-02  5.66803489e-03  2.67137317e-03
 -1.50994741e-03 -1.40670014e-03  6.32393332e-03  0.00000000e+00
  2.93497637e-01  3.29036496e-03  4.78310448e-03 -3.02063044e-04
  6.30439887e-03 -9.63866561e-04  2.46132011e-01  7.09283469e-03
  1.72459334e-03  8.70243397e-04  3.70884496e-02  5.62369033e-04
  1.29131296e-03  2.70897523e-03 -8.47000727e-04  2.28847585e-03
  7.20411142e-03  2.74872449e-03 -2.35558091e-03  4.41591035e-03
 -4.37157129e-03 -2.66748843e-03  2.75996942e-03 -1.13448012e-03
  9.81955907e-04  1.37441331e-03  8.33119458e-03 -2.30129724e-03
  1.92574669e-02  7.05771034e-03]